  7  0   90.000000   58.282526   126.000000  0 0 0
  8  0   90.000000   58.282526  -162.000000  0 0 0
 13  0   31.750000   90.000000    36.000000  0 0 0
 15  0   31.750000   90.000000   108.000000  0 0 0
 16  0  -31.750000   90.000000   144.000000  0 0 0
 17  0   31.750000   90.000000   180.000000  0 0 0
 18  0  -31.750000   90.000000  -144.000000  0 0 0
 20  0  -90.000000  121.717475   -54.000000  0 0 0
 21  0  -90.000000  121.717475    18.000000  0 0 0
 22  0  -90.000000  121.717475    90.000000  0 0 0
 24  0  -90.000000  121.717475  -126.000000  0 0 0
 29  0  180.000000  148.282526   -90.000000  0 0 0